34
0 1 0.33
0 2 0.393
0 3 0.259
0 4 0.259
0 5 0.259
0 6 0.259
0 7 0.181
0 8 0.181
0 10 0.181
0 11 0.259
0 12 0.095
0 13 0.259
0 17 0.181
0 19 0.181
0 21 0.181
0 31 0.181
1 2 0.451
1 3 0.259
1 7 0.33
1 13 0.393
1 17 0.095
1 19 0.181
1 21 0.181
1 30 0.181
2 3 0.259
2 7 0.33
2 8 0.393
2 9 0.095
2 13 0.259
2 27 0.181
2 28 0.181
2 32 0.181
3 7 0.259
3 12 0.259
3 13 0.259
4 6 0.181
4 10 0.259
5 6 0.393
5 10 0.259
5 16 0.259
6 16 0.259
8 30 0.259
8 32 0.259
8 33 0.33
9 33 0.181
13 33 0.259
14 32 0.259
14 33 0.181
15 32 0.259
15 33 0.33
18 32 0.095
18 33 0.181
19 33 0.095
20 32 0.259
20 33 0.095
22 32 0.181
22 33 0.259
23 25 0.393
23 27 0.33
23 29 0.259
23 32 0.393
23 33 0.33
24 25 0.181
24 27 0.259
24 31 0.181
25 31 0.503
26 29 0.33
26 33 0.181
27 33 0.33
28 31 0.181
28 33 0.181
29 32 0.33
29 33 0.181
30 32 0.259
30 33 0.259
31 32 0.33
31 33 0.33
32 33 0.393
